152.1622838693104, 152.2441396835953
